1.649020737327222541e-02
-5.605979262672788899e-02
-1.432097926267277277e-01
-1.197297926267277823e-01
1.649020737327222541e-02
-3.674979262672772862e-02
1.066702073732721523e-01
4.868020737327216629e-02
3.418802073732720714e-01
-1.197297926267277823e-01
-1.432097926267277277e-01
-1.680297926267277919e-01
-2.223897926267277558e-01
-1.943597926267277565e-01
-1.197297926267277823e-01
-2.223897926267277558e-01
-1.826979262672789872e-02
-2.523497926267277425e-01
4.868020737327216629e-02
1.649020737327222541e-02
-3.674979262672772862e-02
-7.625979262672788472e-02
-5.605979262672788899e-02
-5.605979262672788899e-02
-1.826979262672789872e-02
2.143002073732722668e-01
7.864020737327215294e-02
-9.744979262672792686e-02
-5.605979262672788899e-02
-5.605979262672788899e-02
1.649020737327222541e-02
-1.943597926267277565e-01
-1.432097926267277277e-01
-2.223897926267277558e-01
-1.943597926267277565e-01
-2.223897926267277558e-01
-1.943597926267277565e-01
-2.523497926267277425e-01
-9.744979262672792686e-02
-2.223897926267277558e-01
4.466202073732721267e-01
-9.744979262672792686e-02
-5.605979262672788899e-02
-1.826979262672789872e-02
-3.674979262672772862e-02
-9.744979262672792686e-02
-1.826979262672789872e-02
-9.744979262672792686e-02
-9.744979262672792686e-02
1.330002073732721168e-01
-1.432097926267277277e-01
-1.432097926267277277e-01
-7.625979262672788472e-02
-1.432097926267277277e-01
-5.605979262672788899e-02
4.868020737327216629e-02
-5.397926267278752022e-04
4.868020737327216629e-02
-1.826979262672789872e-02
-3.674979262672772862e-02
-1.943597926267277565e-01
-1.432097926267277277e-01
-1.680297926267277919e-01
-1.943597926267277565e-01
-1.197297926267277823e-01
-7.625979262672788472e-02
-2.845397926267279054e-01
-2.223897926267277558e-01
-2.223897926267277558e-01
-1.826979262672789872e-02
-3.674979262672772862e-02
-5.605979262672788899e-02
-5.397926267278752022e-04
-1.197297926267277823e-01
-9.744979262672792686e-02
-1.197297926267277823e-01
-9.744979262672792686e-02
-1.943597926267277565e-01
-1.943597926267277565e-01
-9.744979262672792686e-02
4.868020737327216629e-02
-7.625979262672788472e-02
4.868020737327216629e-02
-1.826979262672789872e-02
-1.432097926267277277e-01
-2.223897926267277558e-01
-2.523497926267277425e-01
-2.223897926267277558e-01
-1.197297926267277823e-01
-9.744979262672792686e-02
-2.223897926267277558e-01
-2.523497926267277425e-01
-1.943597926267277565e-01
4.868020737327216629e-02
-5.605979262672788899e-02
1.649020737327222541e-02
3.288020737327213006e-02
-1.197297926267277823e-01
-1.197297926267277823e-01
-2.223897926267277558e-01
-1.197297926267277823e-01
-1.432097926267277277e-01
-9.744979262672792686e-02
-1.197297926267277823e-01
3.288020737327213006e-02
6.392020737327208657e-02
1.455902073732722179e-01
-5.397926267278752022e-04
-1.943597926267277565e-01
-2.523497926267277425e-01
-2.223897926267277558e-01
-1.943597926267277565e-01
-1.943597926267277565e-01
-1.943597926267277565e-01
-1.943597926267277565e-01
-2.223897926267277558e-01
-1.826979262672789872e-02
-1.826979262672789872e-02
-1.826979262672789872e-02
-3.674979262672772862e-02
-5.605979262672788899e-02
-1.943597926267277565e-01
-1.197297926267277823e-01
-1.943597926267277565e-01
-9.744979262672792686e-02
-1.432097926267277277e-01
3.288020737327213006e-02
3.649502073732722174e-01
-1.826979262672789872e-02
-1.432097926267277277e-01
-2.523497926267277425e-01
-1.680297926267277919e-01
-1.680297926267277919e-01
-2.523497926267277425e-01
-1.432097926267277277e-01
-2.223897926267277558e-01
4.868020737327216629e-02
-1.826979262672789872e-02
-3.674979262672772862e-02
-1.826979262672789872e-02
-7.625979262672788472e-02
-1.943597926267277565e-01
-3.674979262672772862e-02
-9.744979262672792686e-02
1.649020737327222541e-02
-1.432097926267277277e-01
-5.397926267278752022e-04
-9.744979262672792686e-02
2.449702073732722418e-01
-1.826979262672789872e-02
3.258002073732721993e-01
-3.192997926267278075e-01
-3.192997926267278075e-01
-2.223897926267277558e-01
-2.223897926267277558e-01
-1.943597926267277565e-01
-1.432097926267277277e-01
-7.625979262672788472e-02
-1.826979262672789872e-02
-9.744979262672792686e-02
-9.744979262672792686e-02
-1.432097926267277277e-01
-9.744979262672792686e-02
-1.826979262672789872e-02
-1.432097926267277277e-01
-3.674979262672772862e-02
1.066702073732721523e-01
1.200302073732721908e-01
3.288020737327213006e-02
1.066702073732721523e-01
3.288020737327213006e-02
1.649020737327222541e-02
3.339102073732722609e-01
1.813002073732721264e-01
3.649502073732722174e-01
5.837902073732721409e-01
-3.674979262672772862e-02
-1.680297926267277919e-01
-1.432097926267277277e-01
-9.744979262672792686e-02
-1.432097926267277277e-01
-1.680297926267277919e-01
-7.625979262672788472e-02
-3.674979262672772862e-02
1.200302073732721908e-01
-1.826979262672789872e-02
-9.744979262672792686e-02
-1.432097926267277277e-01
-1.197297926267277823e-01
-7.625979262672788472e-02
-9.744979262672792686e-02
-7.625979262672788472e-02
-9.744979262672792686e-02
-3.674979262672772862e-02
9.288020737327218335e-02
3.288020737327213006e-02
6.392020737327208657e-02
7.864020737327215294e-02
-7.625979262672788472e-02
-1.826979262672789872e-02
3.796702073732720617e-01
-9.744979262672792686e-02
-1.826979262672789872e-02
7.864020737327215294e-02
1.066702073732721523e-01
6.392020737327208657e-02
-5.397926267278752022e-04
-7.625979262672788472e-02
4.868020737327216629e-02
1.455902073732722179e-01
-9.744979262672792686e-02
-7.625979262672788472e-02
-1.826979262672789872e-02
1.578202073732721811e-01
6.392020737327208657e-02
-1.826979262672789872e-02
1.649020737327222541e-02
-5.605979262672788899e-02
-9.744979262672792686e-02
-9.744979262672792686e-02
-3.674979262672772862e-02
-1.826979262672789872e-02
1.649020737327222541e-02
7.864020737327215294e-02
2.247702073732722461e-01
1.813002073732721264e-01
2.247702073732722461e-01
1.813002073732721264e-01
2.035802073732722040e-01
1.813002073732721264e-01
-5.397926267278752022e-04
-1.826979262672789872e-02
1.330002073732721168e-01
-5.397926267278752022e-04
-9.744979262672792686e-02
-7.625979262672788472e-02
-5.605979262672788899e-02
-5.397926267278752022e-04
-9.744979262672792686e-02
3.288020737327213006e-02
3.288020737327213006e-02
-1.197297926267277823e-01
1.066702073732721523e-01
3.288020737327213006e-02
4.868020737327216629e-02
-3.674979262672772862e-02
-5.605979262672788899e-02
-9.744979262672792686e-02
-7.625979262672788472e-02
-3.674979262672772862e-02
-1.826979262672789872e-02
-9.744979262672792686e-02
6.392020737327208657e-02
2.247702073732722461e-01
1.578202073732721811e-01
2.247702073732722461e-01
1.697202073732722027e-01
1.200302073732721908e-01
1.455902073732722179e-01
1.066702073732721523e-01
7.864020737327215294e-02
3.288020737327213006e-02
3.288020737327213006e-02
-1.197297926267277823e-01
-7.625979262672788472e-02
1.066702073732721523e-01
7.864020737327215294e-02
3.288020737327213006e-02
3.288020737327213006e-02
4.868020737327216629e-02
-9.744979262672792686e-02
1.813002073732721264e-01
1.649020737327222541e-02
-1.826979262672789872e-02
4.868020737327216629e-02
4.868020737327216629e-02
3.288020737327213006e-02
6.392020737327208657e-02
3.288020737327213006e-02
1.200302073732721908e-01
1.578202073732721811e-01
3.288020737327213006e-02
-1.826979262672789872e-02
3.288020737327213006e-02
1.200302073732721908e-01
2.035802073732722040e-01
2.143002073732722668e-01
1.578202073732721811e-01
-1.826979262672789872e-02
-5.397926267278752022e-04
-1.826979262672789872e-02
4.868020737327216629e-02
1.649020737327222541e-02
-5.397926267278752022e-04
-9.744979262672792686e-02
-3.674979262672772862e-02
-5.605979262672788899e-02
1.066702073732721523e-01
6.392020737327208657e-02
-1.197297926267277823e-01
3.339102073732722609e-01
2.247702073732722461e-01
2.143002073732722668e-01
1.697202073732722027e-01
1.455902073732722179e-01
1.200302073732721908e-01
1.925802073732720832e-01
3.258002073732721993e-01
2.247702073732722461e-01
4.868020737327216629e-02
3.288020737327213006e-02
1.649020737327222541e-02
1.649020737327222541e-02
2.247702073732722461e-01
1.813002073732721264e-01
1.578202073732721811e-01
9.288020737327218335e-02
-9.744979262672792686e-02
1.649020737327222541e-02
1.649020737327222541e-02
-3.674979262672772862e-02
4.868020737327216629e-02
-9.744979262672792686e-02
-1.197297926267277823e-01
-1.826979262672789872e-02
1.330002073732721168e-01
6.392020737327208657e-02
-1.432097926267277277e-01
2.143002073732722668e-01
7.864020737327215294e-02
7.864020737327215294e-02
1.455902073732722179e-01
1.200302073732721908e-01
1.649020737327222541e-02
3.288020737327213006e-02
2.143002073732722668e-01
1.200302073732721908e-01
1.578202073732721811e-01
3.288020737327213006e-02
4.868020737327216629e-02
1.066702073732721523e-01
1.925802073732720832e-01
1.925802073732720832e-01
1.925802073732720832e-01
3.288020737327213006e-02
-9.744979262672792686e-02
1.649020737327222541e-02
4.868020737327216629e-02
-3.674979262672772862e-02
3.288020737327213006e-02
-1.826979262672789872e-02
1.066702073732721523e-01
1.066702073732721523e-01
2.449702073732722418e-01
4.868020737327216629e-02
-1.432097926267277277e-01
1.925802073732720832e-01
1.813002073732721264e-01
1.066702073732721523e-01
7.864020737327215294e-02
4.868020737327216629e-02
4.868020737327216629e-02
1.455902073732722179e-01
4.868020737327216629e-02
-1.826979262672789872e-02
6.392020737327208657e-02
1.649020737327222541e-02
9.288020737327218335e-02
9.288020737327218335e-02
1.578202073732721811e-01
1.330002073732721168e-01
9.288020737327218335e-02
-1.826979262672789872e-02
-5.397926267278752022e-04
9.288020737327218335e-02
1.649020737327222541e-02
-5.397926267278752022e-04
1.455902073732722179e-01
9.288020737327218335e-02
4.868020737327216629e-02
-5.397926267278752022e-04
-1.826979262672789872e-02
-1.197297926267277823e-01
1.813002073732721264e-01
2.143002073732722668e-01
7.864020737327215294e-02
4.868020737327216629e-02
1.925802073732720832e-01
1.200302073732721908e-01
6.392020737327208657e-02
-5.397926267278752022e-04
1.813002073732721264e-01
-3.674979262672772862e-02
1.649020737327222541e-02
4.868020737327216629e-02
6.392020737327208657e-02
1.813002073732721264e-01
1.813002073732721264e-01
4.868020737327216629e-02
-1.826979262672789872e-02
-5.397926267278752022e-04
4.868020737327216629e-02
-1.826979262672789872e-02
6.392020737327208657e-02
-1.197297926267277823e-01
-5.605979262672788899e-02
6.392020737327208657e-02
1.925802073732720832e-01
-1.826979262672789872e-02
1.925802073732720832e-01
1.813002073732721264e-01
1.578202073732721811e-01
1.200302073732721908e-01
4.868020737327216629e-02
3.288020737327213006e-02
1.649020737327222541e-02
4.868020737327216629e-02
9.288020737327218335e-02
6.392020737327208657e-02
-1.826979262672789872e-02
6.392020737327208657e-02
7.864020737327215294e-02
1.455902073732722179e-01
1.813002073732721264e-01
6.392020737327208657e-02
7.864020737327215294e-02
-3.674979262672772862e-02
-3.674979262672772862e-02
6.392020737327208657e-02
6.392020737327208657e-02
-3.674979262672772862e-02
-9.744979262672792686e-02
1.813002073732721264e-01
1.578202073732721811e-01
