-5.222988505747130361e-01
-5.222988505747130361e-01
-9.222988505747133914e-01
-1.322298850574712858e+00
-1.622298850574713569e+00
-1.122298850574713569e+00
7.770114942528660862e-02
2.777011494252867863e-01
-9.222988505747133914e-01
-1.722298850574713214e+00
-2.122298850574713569e+00
-2.222298850574713214e+00
-2.022298850574713036e+00
-2.122298850574713569e+00
-1.322298850574712858e+00
-1.022298850574713036e+00
1.777011494252871415e-01
4.777011494252860757e-01
4.777011494252860757e-01
4.777011494252860757e-01
4.777011494252860757e-01
4.777011494252860757e-01
2.777011494252867863e-01
5.777011494252874968e-01
5.777011494252874968e-01
4.777011494252860757e-01
7.770114942528660862e-02
-2.229885057471303611e-02
-1.222988505747135690e-01
-9.222988505747133914e-01
2.777011494252867863e-01
-5.222988505747130361e-01
-8.222988505747128585e-01
-4.222988505747133914e-01
-8.222988505747128585e-01
-7.222988505747132137e-01
-3.222988505747128585e-01
-3.222988505747128585e-01
2.777011494252867863e-01
4.777011494252860757e-01
7.770114942528660862e-02
-1.222988505747135690e-01
-2.222988505747132137e-01
4.777011494252860757e-01
5.777011494252874968e-01
6.777011494252871415e-01
5.777011494252874968e-01
7.777011494252867863e-01
6.777011494252871415e-01
4.777011494252860757e-01
-3.222988505747128585e-01
-2.229885057471303611e-02
2.777011494252867863e-01
6.777011494252871415e-01
2.777011494252867863e-01
-1.122298850574713569e+00
-2.229885057471303611e-02
-5.222988505747130361e-01
-1.222988505747135690e-01
-1.222988505747135690e-01
-5.222988505747130361e-01
-5.222988505747130361e-01
-1.222988505747135690e-01
-3.222988505747128585e-01
-1.222988505747135690e-01
-3.222988505747128585e-01
-2.229885057471303611e-02
2.777011494252867863e-01
4.777011494252860757e-01
5.777011494252874968e-01
6.777011494252871415e-01
5.777011494252874968e-01
6.777011494252871415e-01
-1.122298850574713569e+00
-1.522298850574713036e+00
-5.222988505747130361e-01
2.777011494252867863e-01
4.777011494252860757e-01
7.770114942528660862e-02
-2.229885057471303611e-02
7.770114942528660862e-02
2.777011494252867863e-01
1.777011494252871415e-01
7.770114942528660862e-02
-3.222988505747128585e-01
-1.222988505747135690e-01
-3.222988505747128585e-01
-3.222988505747128585e-01
-3.222988505747128585e-01
1.777011494252871415e-01
4.777011494252860757e-01
3.777011494252864310e-01
4.777011494252860757e-01
5.777011494252874968e-01
6.777011494252871415e-01
5.777011494252874968e-01
2.777011494252867863e-01
-3.222988505747128585e-01
-6.222988505747135690e-01
-1.122298850574713569e+00
-2.229885057471303611e-02
4.777011494252860757e-01
1.777011494252871415e-01
2.777011494252867863e-01
7.770114942528660862e-02
2.777011494252867863e-01
3.777011494252864310e-01
7.770114942528660862e-02
7.770114942528660862e-02
-9.222988505747133914e-01
-1.122298850574713569e+00
-1.222298850574713214e+00
-1.122298850574713569e+00
-1.222988505747135690e-01
4.777011494252860757e-01
3.777011494252864310e-01
6.777011494252871415e-01
1.777011494252871415e-01
-3.222988505747128585e-01
-1.222988505747135690e-01
7.770114942528660862e-02
-5.222988505747130361e-01
7.770114942528660862e-02
-1.222988505747135690e-01
2.777011494252867863e-01
7.770114942528660862e-02
1.777011494252871415e-01
3.777011494252864310e-01
2.777011494252867863e-01
-9.222988505747133914e-01
-8.222988505747128585e-01
-1.122298850574713569e+00
-1.522298850574713036e+00
-1.122298850574713569e+00
-1.122298850574713569e+00
7.770114942528660862e-02
6.777011494252871415e-01
4.777011494252860757e-01
1.777011494252871415e-01
-2.222988505747132137e-01
-6.222988505747135690e-01
-1.122298850574713569e+00
-9.222988505747133914e-01
-2.229885057471303611e-02
-2.222988505747132137e-01
-7.222988505747132137e-01
-1.022298850574713036e+00
-1.222298850574713214e+00
-5.222988505747130361e-01
2.777011494252867863e-01
-3.222988505747128585e-01
-5.222988505747130361e-01
-9.222988505747133914e-01
-5.222988505747130361e-01
-3.222988505747128585e-01
-6.222988505747135690e-01
-3.222988505747128585e-01
4.777011494252860757e-01
4.777011494252860757e-01
3.777011494252864310e-01
4.777011494252860757e-01
4.777011494252860757e-01
7.770114942528660862e-02
1.777011494252871415e-01
-7.222988505747132137e-01
-1.322298850574712858e+00
-1.222988505747135690e-01
2.777011494252867863e-01
4.777011494252860757e-01
4.777011494252860757e-01
-6.222988505747135690e-01
-1.122298850574713569e+00
-1.022298850574713036e+00
7.770114942528660862e-02
-1.222988505747135690e-01
-6.222988505747135690e-01
-5.222988505747130361e-01
-2.222988505747132137e-01
-5.222988505747130361e-01
-1.422298850574713391e+00
-1.122298850574713569e+00
-1.122298850574713569e+00
-1.122298850574713569e+00
7.770114942528660862e-02
4.777011494252860757e-01
2.777011494252867863e-01
3.777011494252864310e-01
2.777011494252867863e-01
4.777011494252860757e-01
5.777011494252874968e-01
3.777011494252864310e-01
-3.222988505747128585e-01
2.777011494252867863e-01
7.770114942528660862e-02
-2.229885057471303611e-02
4.777011494252860757e-01
2.777011494252867863e-01
4.777011494252860757e-01
3.777011494252864310e-01
3.777011494252864310e-01
7.770114942528660862e-02
2.777011494252867863e-01
-7.222988505747132137e-01
2.777011494252867863e-01
-1.222988505747135690e-01
-3.222988505747128585e-01
-5.222988505747130361e-01
-7.222988505747132137e-01
-4.222988505747133914e-01
-1.522298850574713036e+00
-1.822298850574712858e+00
-3.222988505747128585e-01
7.770114942528660862e-02
4.777011494252860757e-01
2.777011494252867863e-01
4.777011494252860757e-01
4.777011494252860757e-01
4.777011494252860757e-01
4.777011494252860757e-01
3.777011494252864310e-01
7.770114942528660862e-02
7.770114942528660862e-02
-3.222988505747128585e-01
-2.229885057471303611e-02
3.777011494252864310e-01
1.777011494252871415e-01
4.777011494252860757e-01
4.777011494252860757e-01
3.777011494252864310e-01
4.777011494252860757e-01
4.777011494252860757e-01
2.777011494252867863e-01
-5.222988505747130361e-01
2.777011494252867863e-01
-3.222988505747128585e-01
-3.222988505747128585e-01
-1.222298850574713214e+00
-1.322298850574712858e+00
-1.122298850574713569e+00
-1.322298850574712858e+00
-1.622298850574713569e+00
3.777011494252864310e-01
5.777011494252874968e-01
2.777011494252867863e-01
3.777011494252864310e-01
4.777011494252860757e-01
3.777011494252864310e-01
4.777011494252860757e-01
2.777011494252867863e-01
5.777011494252874968e-01
2.777011494252867863e-01
7.770114942528660862e-02
2.777011494252867863e-01
2.777011494252867863e-01
2.777011494252867863e-01
5.777011494252874968e-01
4.777011494252860757e-01
3.777011494252864310e-01
5.777011494252874968e-01
2.777011494252867863e-01
4.777011494252860757e-01
2.777011494252867863e-01
1.777011494252871415e-01
-1.022298850574713036e+00
7.770114942528660862e-02
-6.222988505747135690e-01
-1.422298850574713391e+00
-1.822298850574712858e+00
-1.722298850574713214e+00
-9.222988505747133914e-01
4.777011494252860757e-01
5.777011494252874968e-01
2.777011494252867863e-01
3.777011494252864310e-01
2.777011494252867863e-01
5.777011494252874968e-01
6.777011494252871415e-01
5.777011494252874968e-01
5.777011494252874968e-01
5.777011494252874968e-01
3.777011494252864310e-01
3.777011494252864310e-01
3.777011494252864310e-01
2.777011494252867863e-01
6.777011494252871415e-01
4.777011494252860757e-01
3.777011494252864310e-01
3.777011494252864310e-01
-2.222988505747132137e-01
2.777011494252867863e-01
-6.222988505747135690e-01
-1.122298850574713569e+00
7.770114942528660862e-02
7.770114942528660862e-02
7.770114942528660862e-02
1.777011494252871415e-01
1.777011494252871415e-01
7.770114942528660862e-02
2.777011494252867863e-01
5.777011494252874968e-01
6.777011494252871415e-01
1.777011494252871415e-01
2.777011494252867863e-01
3.777011494252864310e-01
6.777011494252871415e-01
6.777011494252871415e-01
3.777011494252864310e-01
5.777011494252874968e-01
5.777011494252874968e-01
7.770114942528660862e-02
1.777011494252871415e-01
2.777011494252867863e-01
2.777011494252867863e-01
7.777011494252867863e-01
7.777011494252867863e-01
3.777011494252864310e-01
2.777011494252867863e-01
7.770114942528660862e-02
-7.222988505747132137e-01
-8.222988505747128585e-01
1.777011494252871415e-01
2.777011494252867863e-01
1.777011494252871415e-01
2.777011494252867863e-01
2.777011494252867863e-01
4.777011494252860757e-01
-2.229885057471303611e-02
6.777011494252871415e-01
7.777011494252867863e-01
4.777011494252860757e-01
3.777011494252864310e-01
2.777011494252867863e-01
5.777011494252874968e-01
5.777011494252874968e-01
5.777011494252874968e-01
4.777011494252860757e-01
5.777011494252874968e-01
2.777011494252867863e-01
2.777011494252867863e-01
3.777011494252864310e-01
2.777011494252867863e-01
6.777011494252871415e-01
5.777011494252874968e-01
3.777011494252864310e-01
2.777011494252867863e-01
3.777011494252864310e-01
-1.722298850574713214e+00
-1.522298850574713036e+00
2.777011494252867863e-01
2.777011494252867863e-01
1.777011494252871415e-01
7.770114942528660862e-02
2.777011494252867863e-01
2.777011494252867863e-01
-2.222988505747132137e-01
7.777011494252867863e-01
6.777011494252871415e-01
4.777011494252860757e-01
4.777011494252860757e-01
4.777011494252860757e-01
4.777011494252860757e-01
5.777011494252874968e-01
6.777011494252871415e-01
6.777011494252871415e-01
4.777011494252860757e-01
2.777011494252867863e-01
1.777011494252871415e-01
4.777011494252860757e-01
6.777011494252871415e-01
5.777011494252874968e-01
4.777011494252860757e-01
3.777011494252864310e-01
3.777011494252864310e-01
-1.922298850574713391e+00
-1.522298850574713036e+00
7.770114942528660862e-02
2.777011494252867863e-01
7.770114942528660862e-02
-2.222988505747132137e-01
2.777011494252867863e-01
1.777011494252871415e-01
2.777011494252867863e-01
7.777011494252867863e-01
6.777011494252871415e-01
4.777011494252860757e-01
4.777011494252860757e-01
4.777011494252860757e-01
4.777011494252860757e-01
5.777011494252874968e-01
6.777011494252871415e-01
5.777011494252874968e-01
4.777011494252860757e-01
2.777011494252867863e-01
2.777011494252867863e-01
3.777011494252864310e-01
6.777011494252871415e-01
4.777011494252860757e-01
3.777011494252864310e-01
4.777011494252860757e-01
-9.222988505747133914e-01
-1.722298850574713214e+00
-1.522298850574713036e+00
-1.222988505747135690e-01
7.770114942528660862e-02
2.777011494252867863e-01
7.770114942528660862e-02
2.777011494252867863e-01
2.777011494252867863e-01
7.770114942528660862e-02
6.777011494252871415e-01
1.777011494252871415e-01
4.777011494252860757e-01
4.777011494252860757e-01
4.777011494252860757e-01
6.777011494252871415e-01
6.777011494252871415e-01
4.777011494252860757e-01
4.777011494252860757e-01
3.777011494252864310e-01
1.777011494252871415e-01
2.777011494252867863e-01
6.777011494252871415e-01
2.777011494252867863e-01
5.777011494252874968e-01
-1.222988505747135690e-01
-1.622298850574713569e+00
-9.222988505747133914e-01
4.777011494252860757e-01
-1.222988505747135690e-01
3.777011494252864310e-01
1.777011494252871415e-01
1.777011494252871415e-01
2.777011494252867863e-01
1.777011494252871415e-01
8.777011494252864310e-01
